    unsorted:	 246.7372519 246.7372427 246.7373045 246.7373958 246.7374763 246.7377656 246.7379221 246.7380294 246.7382984 246.7384627 246.7387992 246.7391319 246.7394433 246.7396174 246.7365444 246.7362924 246.7362653 246.7405037 246.7406668 246.7409212 246.7355593 246.7417000 246.7417641 246.7350561 246.7348474 246.7346999 246.7345905 246.7345405 246.7422448 246.7341338 246.7427632 246.7433806 246.7436212 246.7437371 246.7438665 246.7442992 246.7444551 246.7448932 246.7492092 246.7505158 246.7508175 171.3472991 171.3472991 171.3472991 171.3472991 171.3472991 246.7899073 5.941301819 5.941594190 5.827318458 5.609734394 5.327133502 5.023991993 1.262006346 1.447384007 1.587124918 0.4848233368 0.2424513579 0.05192189908 0.08724861979 2.833508017 8.171382625 9.014110061 13.70659677 13.71600604 15.46882707 15.48636421 11.00949594 17.30920126 30.69049467 34.16251235 38.83221401 50.25961945 257.0700136 218.1157599 136.4187208 158.8261803 196.7101325 283.8773747 347.7935134 383.4683899 389.9231719 355.4480871 396.5369922 392.6075007 424.0539623 420.2004937 427.0991495 437.1094115 482.1926772 508.6913866 540.2607448 520.9948480 664.9230703 654.5270096 678.2483546 775.0569904 921.4030744 894.9526638 994.8721156 1048.268810 1282.989594 1358.855263 1398.461352 1520.466792 1813.132642 1957.272343 2135.186116 2497.757358 2812.939430 3090.734988 3289.495653 3404.514015 3489.641558 3694.768374 3788.466428 3947.301236 4115.077538 4438.199249 4535.599802 4670.970997 5355.206121 5551.242550 5985.135629 6386.996136 6642.260354 6830.758760 6902.312382 7518.130711 7428.272175 7579.071909 8249.521877 8501.492463 9246.524893 9319.344249 9466.431101 11872.06756 12246.41142 12836.79466 13873.98788 14426.32869 14936.19003 15236.14505 16091.81699 17642.20583 18890.88011 19315.44216 23195.28323 25571.32679 28264.97255 30144.14374 35090.38604 40133.35448 46388.79744 49267.04530 54218.58213 80089.44443 94579.61124 289536.2888 1455322.517
      sorted:	 0.05192189908 0.08724861979 0.2424513579 0.4848233368 1.262006346 1.447384007 1.587124918 2.833508017 5.023991993 5.327133502 5.609734394 5.827318458 5.941301819 5.941594190 8.171382625 9.014110061 11.00949594 13.70659677 13.71600604 15.46882707 15.48636421 17.30920126 30.69049467 34.16251235 38.83221401 50.25961945 136.4187208 158.8261803 171.3472991 171.3472991 171.3472991 171.3472991 171.3472991 196.7101325 218.1157599 246.7341338 246.7345405 246.7345905 246.7346999 246.7348474 246.7350561 246.7355593 246.7362653 246.7362924 246.7365444 246.7372427 246.7372519 246.7373045 246.7373958 246.7374763 246.7377656 246.7379221 246.7380294 246.7382984 246.7384627 246.7387992 246.7391319 246.7394433 246.7396174 246.7405037 246.7406668 246.7409212 246.7417000 246.7417641 246.7422448 246.7427632 246.7433806 246.7436212 246.7437371 246.7438665 246.7442992 246.7444551 246.7448932 246.7492092 246.7505158 246.7508175 246.7899073 257.0700136 283.8773747 347.7935134 355.4480871 383.4683899 389.9231719 392.6075007 396.5369922 420.2004937 424.0539623 427.0991495 437.1094115 482.1926772 508.6913866 520.9948480 540.2607448 654.5270096 664.9230703 678.2483546 775.0569904 894.9526638 921.4030744 994.8721156 1048.268810 1282.989594 1358.855263 1398.461352 1520.466792 1813.132642 1957.272343 2135.186116 2497.757358 2812.939430 3090.734988 3289.495653 3404.514015 3489.641558 3694.768374 3788.466428 3947.301236 4115.077538 4438.199249 4535.599802 4670.970997 5355.206121 5551.242550 5985.135629 6386.996136 6642.260354 6830.758760 6902.312382 7428.272175 7518.130711 7579.071909 8249.521877 8501.492463 9246.524893 9319.344249 9466.431101 11872.06756 12246.41142 12836.79466 13873.98788 14426.32869 14936.19003 15236.14505 16091.81699 17642.20583 18890.88011 19315.44216 23195.28323 25571.32679 28264.97255 30144.14374 35090.38604 40133.35448 46388.79744 49267.04530 54218.58213 80089.44443 94579.61124 289536.2888 1455322.517
